0.0 inf inf inf inf inf inf inf inf inf inf inf inf inf inf inf inf inf inf inf inf inf inf inf inf inf inf inf inf inf inf inf 
inf 2487.08992714 4825.81459665 7169.35948047 9555.92106134 11852.2959411 14041.1860943 16263.209804 18606.8380313 21217.2443843 24030.4242293 27194.3257656 30806.8709878 34747.1046413 38966.2677831 43489.0467193 48244.2964966 53485.128077 59102.9708701 65163.7840739 71641.3401293 78396.0657693 85397.3056808 92826.6384716 100702.103131 109067.477794 117828.144643 126927.657396 136133.094149 145367.411003 154548.647798 163499.926268 
inf 5240.05951421 5061.13444562 7334.68183356 9678.93822309 11932.7842886 14050.8778804 16238.0994087 18515.2255711 21015.6013172 23688.6638877 26704.8228007 30142.4201181 33894.0981341 37922.5002768 42283.2676657 46897.546498 51989.3171938 57458.1958929 63366.584033 69671.267837 76256.6764724 83090.5688049 90352.323278 98081.3231665 106292.993845 114890.72308 123797.615899 132791.802812 141808.164754 150770.49523 159505.307189 
inf 8169.87569679 7773.28090643 7658.52563628 9890.9436988 12048.8752702 14030.2947849 15994.5343155 17954.351906 20090.0488178 22383.4047672 25011.6463027 28080.8747308 31469.5681685 35130.4936609 39159.3640979 43502.9986485 48343.5820971 53557.4692732 59220.8209988 65294.7353939 71663.4756888 78289.6333344 85365.4453572 92945.3778953 101079.230222 109699.038363 118645.475033 127665.857128 136702.265678 145678.337057 154427.261284 
inf 11282.3808732 10664.6530312 10418.5213263 10366.0011473 12398.1586652 14236.7916983 16043.9764337 17953.322481 20046.5576534 22286.383106 24861.8722296 27880.4323036 31225.4564301 34847.1418183 38849.3668977 43170.768265 47980.0152626 53159.4099343 58786.0603805 64815.9031236 71137.1936773 77717.9384423 84747.5671174 92277.6961322 100355.484721 108938.263457 117846.857932 126831.326674 135837.612721 144793.47944 153530.308633 
inf 14542.8343516 13688.1200117 13288.749936 13156.6936085 12929.3460711 14580.1022307 16179.8672286 17856.9643481 19752.6116882 21774.4421675 24116.1415722 26904.0197931 30017.7660501 33405.1648885 37167.1342299 41257.6609258 45835.2737283 50777.6365773 56162.4175909 61943.9231767 68012.7588313 74340.5158948 81112.4699519 88355.8314023 96133.8334211 104507.372798 113307.832782 122220.976547 131179.073512 140106.236448 148830.651671 
inf 18021.7597002 16895.9880745 16339.9223275 16107.8072589 15618.1475736 15168.045391 16476.0573932 17839.1077621 19406.5354924 21054.6598964 22991.5651531 25361.6754231 28062.4143937 31050.2417351 34432.8821161 38187.8824114 42488.1700903 47158.5916206 52295.1127245 57854.1275618 63701.9461491 69819.5735976 76366.9802996 83333.5874492 90806.7126743 99134.5947144 108083.547545 117153.538048 126262.074484 135329.311001 144189.770541 
inf 21830.5747813 20435.7482861 19714.9293478 19378.3871262 18624.0197559 17695.2210198 17320.258727 18303.3766147 19437.392062 20951.8197437 22690.3505603 24805.3701891 27229.0026599 29912.6271434 32998.9979064 36444.4991316 40411.132234 44736.8669917 49527.5539757 54754.4587035 60279.2828231 66081.8638622 72324.5853385 78964.2252564 86030.0586167 93865.762834 102518.861695 111397.27587 120377.790274 129369.263209 138187.318687 
inf 26031.6750999 24370.3162103 23494.8362515 23050.040044 22024.3602798 20595.2257271 19812.2453668 19434.2474327 20068.2669711 21028.2486445 22575.4065782 24449.0233028 26584.7149462 28941.4125213 31694.1855305 34791.9406047 38392.6206415 42340.4598895 46754.4686264 51617.1180422 56779.9787248 62237.9268553 68123.3534304 74350.6373598 80905.7010998 87979.6838791 95931.3636253 104375.944758 113101.960838 121953.501225 130702.371038 
inf 30706.7956842 28762.0854612 27712.6373323 27129.0239611 25809.2966818 23854.0480439 22611.5995795 21799.067018 21355.7123879 21716.1120905 22578.3950755 24242.0027081 26091.6722151 28134.6962594 30566.5453589 33360.4108964 36685.0955513 40347.2583979 44481.1749788 49082.2566598 53994.7694817 59224.9619981 64883.3591059 70879.6727281 77179.4032694 83800.0407249 90802.8889773 98189.1482715 106119.868753 114365.454215 122739.279035 
inf 35825.0289495 33594.936651 32358.2144911 31620.8509715 29995.7331841 27502.1919725 25769.4718307 24500.7214252 23565.3781643 23236.9123113 23381.2963683 24184.3650025 25884.208335 27730.2441939 29956.3738002 32527.608017 35634.7437175 39078.1306804 42996.0819797 47397.5544173 52127.2056215 57188.5249599 62694.5778766 68579.7397187 74792.24703 81399.0544833 88422.0565256 95668.9668067 103033.0327 110572.986448 117992.081552 
inf 41289.4656103 38775.3306192 37338.6259879 36436.7493514 34501.0248279 31463.8338606 29225.431654 27495.1418822 26036.596881 25362.7920692 25059.5584606 24968.7166827 25740.3059422 27394.942002 29377.4092662 31687.2025096 34542.0976798 37731.4614623 41390.0082717 45528.775465 49993.6994539 54790.006705 60040.6099621 65690.2132142 71683.9727253 78114.9771758 85035.2357928 92224.7998132 99582.2150437 107072.973897 114486.909549 
inf 47069.1645354 44281.0475437 42654.2632218 41591.5753918 39348.5258134 35771.8908248 33025.8512203 30833.6632828 28849.1740084 27822.3253426 27172.4575391 26721.9346271 26613.6590214 27350.5607525 29179.5717358 31230.2901194 33779.8852172 36652.3482603 39976.8229883 43769.6918171 47881.3402174 52314.4350543 57193.3175761 62466.2426336 68080.7117109 74123.7573865 80634.5322625 87395.7703921 94320.3031988 101339.484989 108288.852962 
inf 53184.4149657 50129.315302 48316.0548089 47093.7557617 44544.4528736 40430.7130642 37175.6840508 34528.1193374 32021.8827137 30647.921785 29618.9764026 28686.8189067 28374.1649808 28295.347087 29109.3832355 30943.3404979 33219.9166047 35800.48878 38800.6277989 42248.2045815 45996.6732033 50050.5899829 54545.9527701 59440.2895655 64686.3455372 70358.242887 76495.3683237 82881.1379068 89428.4671156 96051.0358677 102612.548738 
inf 59361.2288344 56056.0144768 54074.9492179 52708.6187862 49863.577851 45224.9888375 41476.6004022 38374.1386275 35351.5843733 33629.4231415 32230.4706311 30836.7874384 30330.7368337 30158.2119954 30218.4769851 30969.5537628 33096.1269773 35544.349855 38395.0042645 41681.5810125 45270.8782126 49169.4285079 53499.4557247 58209.2984462 63269.1721448 68719.6569476 74583.7932094 80682.4119239 86931.9569047 93242.7868525 99487.6236934 
inf 66012.7644227 62461.3157715 60320.2301206 58813.0280162 55672.3083239 50509.9948549 46262.6380906 42705.3779897 39169.556378 37099.8294173 35327.3626165 33439.6654638 32658.0685799 32321.5474385 32259.9246404 32126.2094542 32920.4927056 35096.9366162 37546.2524096 40404.3580809 43563.0583098 47023.1206101 50902.9161393 55168.5104586 59779.3622785 64792.6564196 70235.5460067 75927.8560779 81769.7457488 87663.1642752 93504.8808307 
inf 72904.6926689 69127.5746503 66830.2818817 65197.5568558 61783.9397323 56112.7454758 51392.8359479 47388.94361 43352.1969927 40941.373597 38774.59631 36359.7013406 35261.7740467 34728.6762195 34566.8894916 34205.1090476 34134.5107249 35094.4639178 37369.2905899 39950.1865775 42808.0468637 45936.2275726 49443.0529304 53317.0934262 57537.5854258 62141.9423514 67152.8237307 72402.2867101 77791.6215732 83218.0484518 88582.5640646 
inf 79982.6852265 76022.1602206 73555.0477773 71814.5156771 68169.5485982 62024.4681113 56887.7854947 52463.838464 47947.0534352 45211.0435657 42655.6411519 39707.9471579 38271.5914593 37492.190608 37118.4492479 36486.9579727 36242.0283253 36359.5562553 37305.905705 39721.2891365 42386.1930653 45289.662694 48530.4050893 52104.7840855 56010.3896867 60283.9175494 64929.1704291 69792.3074481 74790.6870404 79814.680869 84762.7559395 
inf 87252.8919477 83134.4001243 80480.5343471 78632.9492647 74785.5400721 68191.6608299 62668.1687056 57827.4885849 52833.9389627 49770.3018918 46827.8902526 43346.0559605 41561.1219485 40509.6401899 39896.6863097 38975.6399315 38511.9407325 38597.2914434 38659.4706449 39740.4295344 42372.0373045 45241.3295942 48398.7975134 51863.2317827 55642.4568003 59781.4788751 64269.2003402 68966.3353206 73788.2883938 78641.6814811 83408.9261939 
inf 94728.6690711 90484.8721323 87627.3954506 85674.5384519 81667.269394 74672.0773081 68805.8376611 63548.9222821 58082.7549032 54683.3259129 51341.5351665 47305.9992465 45146.9571997 43779.3099718 42881.5134231 41625.5895168 40820.2594914 40858.9651301 40829.7175287 40926.7473954 42179.481 44823.4310704 47696.0935237 50856.6947853 54343.877521 58176.6366696 62354.5293605 66750.7778751 71258.5959811 75803.4092796 80261.6999864 
inf 102512.269988 98182.6901928 95134.4522371 93088.231338 88933.4114461 81600.8042791 75510.2283971 69869.988228 63978.8676087 60267.64103 56543.1424514 51970.8813418 49444.959095 47751.5739603 46508.9929239 44808.8995024 43403.2589694 43351.3104302 43102.2081362 42841.750233 42965.5872021 44306.3403909 46531.0584469 49000.8045502 51804.6508285 54929.1918392 58404.9353808 62103.0846979 65904.3425275 69729.1042206 73463.8301757 
inf 110412.567433 106025.071505 102827.744287 100724.553068 96465.9381501 88790.5956402 82424.7717354 76416.3412098 70184.1543219 66197.1217237 62125.5718659 57076.4087349 54208.7564502 52194.1199297 50607.301212 48448.9980051 46400.152068 46180.9678387 45593.5306465 44970.4357492 44892.3814139 44956.1758163 46237.5427192 48349.898606 50784.6975133 53509.1842753 56570.3571542 59842.6899807 63204.9850458 66571.7528457 69828.4725769 
inf 118603.953731 114185.452473 110842.800937 108685.173192 104377.89451 96429.5213787 89743.6620413 83289.1759732 76688.217072 72414.9410185 68003.5881784 62484.7941786 59277.716795 56931.5685986 54998.3629837 52353.4360587 49625.8859768 49209.5791889 48251.4184239 47255.4525107 47090.1904967 46953.1531457 46801.5925576 48209.254475 50448.8423664 52975.2849076 55820.0824666 58866.3626243 61996.0301963 65129.4300838 68148.7824594 
inf 127030.12144 122595.784973 119103.588488 116894.265474 112587.463935 104478.308643 97566.3458088 90556.5235464 83490.0678453 78903.571144 74115.7960385 68127.9203501 64596.1374165 61908.9397304 59638.2312937 56492.1300959 53058.6913547 52436.8567248 51089.276623 49700.8461407 49444.6106566 49148.6765955 48645.1044202 48618.2896767 50244.48325 52556.535503 55178.4354715 58010.1697144 60920.1895395 63844.1688287 66654.9642103 
inf 135516.155449 131049.366009 127395.773084 125131.321986 120809.901265 112489.141514 105293.821682 97715.2410321 90153.7939193 85220.1430909 80028.2483448 73495.0430406 69582.330325 66513.6217347 63912.5298538 60262.6994953 56125.0515909 55277.2428315 53531.915706 51747.0288211 51408.9428297 50967.1917681 50220.6468789 50256.1975303 50425.0262195 52375.7329152 54888.4814345 57614.9974671 60463.3221825 63352.7229897 66123.917694 
inf 144129.101079 139644.22442 135803.272308 133468.806874 129167.367559 120758.435396 113528.759851 105598.721784 97261.1502498 91832.5946023 86259.8973575 79236.3825395 74977.8931454 71529.6107889 68640.2882861 64490.6236273 59631.8320269 58565.5866593 56402.7171693 54168.4381193 53733.4470487 53121.5523783 52027.825721 51926.7598243 52019.916582 52390.4208527 54675.4682578 57183.699942 59813.2653209 62477.193313 65015.5648272 
inf 152953.693918 148446.803629 144374.080499 141938.832448 137663.176729 129222.220694 122075.824668 114034.272674 105436.624645 99244.6901748 92785.6973759 85347.433199 80765.0953124 76930.8967653 73757.4895759 69100.1693248 63486.4706653 62181.5581673 59566.7404783 56825.599929 56270.160786 55444.692623 53913.5033268 53590.7663744 53563.3688098 53675.5035509 54292.6130051 56377.7365784 58581.27095 60809.2882266 62908.0841084 
inf 161860.540458 157324.741653 152994.394857 150440.319032 146186.185124 137725.958554 130682.915586 122593.029868 113910.891747 107545.243652 99517.3941092 91693.0103826 86817.9560152 82584.9331326 79138.2770893 73965.6160976 67574.1724864 66027.9208531 62950.8613252 59686.7318673 59004.8753529 57957.6497393 55962.7617262 55368.4524067 55269.6323744 55156.1377567 55395.6819415 56163.92005 58147.0370781 60146.0966843 62012.5558488 
inf 170883.679348 166309.276006 161695.956817 159004.45584 154763.795228 146283.468854 139341.687261 131226.174617 122307.105774 115718.669022 107661.53846 98329.6641298 93208.2332429 88530.80811 84819.7234919 79108.3935182 71898.0612046 70107.797507 66553.9959674 62760.4927861 61945.2666786 60675.4039178 58226.2788726 57338.2820193 57133.6890744 56807.1944007 56697.8799694 57003.2059948 57855.6631433 59550.4533073 61146.5882739 
inf 180109.733042 175488.904661 170573.550684 167727.711037 163493.659975 154991.553985 148141.980841 140001.239815 130627.616229 123728.719976 115366.994593 105386.267593 99946.5734585 94765.2828643 90766.4284376 84493.5673663 76431.4978207 74378.2690203 70324.7314616 66008.5584907 65041.7201401 63543.2368198 60664.873931 59477.6310726 59122.9179074 58507.0004915 58155.7889843 58093.3194082 58429.1520431 59283.6571957 60756.985213 
inf 189435.153549 184754.117962 179506.622552 176484.503399 172242.550603 163712.845642 156938.006288 148773.939192 138926.662959 131658.800862 122673.801595 113200.553692 107180.758971 101381.108182 97068.7440469 90195.6125653 81249.4462219 78926.4837358 74365.3629482 69540.4317263 68421.0814976 66694.189383 63402.9161901 61920.6985309 61375.573696 60438.1590702 59773.5386815 59554.1036229 59522.5306615 59887.7702239 60831.1702002 
inf 198775.409291 194029.35942 188437.641849 185228.790051 180970.668323 172415.508012 165701.819002 157512.28365 147209.158519 139553.643492 129925.451188 121312.999025 114636.258241 108183.534921 103527.893554 96035.1589578 86192.8884442 83596.5492293 78533.234978 73216.7382901 71944.832876 69985.216615 66293.6160872 64525.1180799 63757.1457569 62480.1102045 61467.7605026 61033.2980364 60917.7393987 60891.6632548 61347.6105603 
inf 207824.933238 203014.364126 197082.715929 193688.445615 189411.599739 180833.634455 174172.110409 165948.962961 155329.638812 147274.455989 137019.557603 129354.225943 122026.582998 114917.666199 109914.468118 101796.373921 91062.1719003 88217.2845307 82682.0048911 76902.088451 75505.3419111 73320.0709655 69232.4818268 67154.3529692 66166.4255887 64559.8530109 63209.6721353 62595.5449117 62401.6630705 62241.1926639 62247.5232002 
