2487.08992714 2338.72466951 2343.54488381 2386.56158088 2296.37487971 2188.8901532 2222.02370978 2343.6282273 2610.406353 2813.17984492 3163.9015363 3612.54522221 3940.23365356 4219.16314176 4522.77893622 4755.24977728 5240.83158042 5617.84279309 6060.8132038 6477.55605544 6754.72564001 7001.23991145 7429.33279082 7875.46465944 8365.37466255 8760.66684933 9099.51275263 9205.43675376 9234.31685413 9181.23679486 8951.27846924 
2752.96958707 2574.04451848 2508.86723691 2509.57874262 2376.8632273 2198.58193935 2196.91331445 2277.12616241 2500.37574612 2673.06257045 3016.158913 3437.59731737 3751.67801603 4028.40214274 4360.76738886 4614.27883235 5091.77069579 5468.87869903 5908.38814014 6304.68380402 6585.40863537 6833.89233251 7261.75447315 7728.99988843 8211.67067852 8597.7292353 8906.8928188 8994.18691325 9016.36194175 8962.33047591 8734.81195944 
2929.81618258 2712.1464608 2597.39119066 2556.26186524 2369.93704711 2097.51049623 1964.2395306 1959.81759048 2135.69691181 2293.3559494 2628.24153554 3069.22842807 3388.69343775 3660.92549235 4028.87043702 4343.63455062 4840.58344861 5213.88717604 5663.35172567 6073.91439508 6368.74029485 6626.15764563 7075.81202278 7579.9325381 8133.85232685 8619.80814067 8946.43666994 9020.3820954 9036.40854941 8976.07137977 8748.92422691 
3112.5051764 2891.37212474 2759.99569006 2707.47551103 2507.21496641 2187.91642805 2013.68164885 1958.78816548 2093.23517247 2239.82545258 2575.48912364 3018.56007393 3345.02412656 3621.68538817 4002.22507935 4321.40136738 4809.24699757 5179.39467164 5626.65044624 6029.84274308 6321.29055373 6580.74476502 7029.62867507 7530.12901479 8077.78858852 8582.77873646 8908.59447501 8984.46874134 9006.28604786 8955.86671862 8736.82919295 
3260.45347836 3023.46698054 2870.22860963 2790.69246118 2563.34492377 2181.94356554 1943.07553031 1812.98791436 1895.64734014 2021.83047927 2341.69940467 2787.87822097 3113.746257 3387.39883837 3761.96934138 4090.5266959 4577.61280256 4942.36284896 5384.78101357 5781.50558582 6068.8356546 6327.75706349 6771.95405714 7243.36145041 7778.00201878 8373.53937717 8800.45998336 8913.14376557 8958.09696439 8927.16293608 8724.4152238 
3478.92534865 3207.86806278 3051.17239148 2951.11365044 2688.8015025 2238.69931994 1895.95516244 1659.24053355 1567.42773027 1648.12440398 1936.90525679 2370.11026992 2700.73897067 2987.82734141 3382.64038098 3755.0002953 4300.28767887 4670.42153033 5136.52110384 5559.01483737 5847.81858731 6117.62744843 6547.40670205 6966.60714959 7473.12522511 8327.88204007 8948.95283098 9069.99050275 9108.53643562 9067.23651746 8860.45953995 
3808.81508114 3539.76021165 3375.00702036 3270.57986726 3005.87218229 2527.17562873 2152.213336 1827.31922151 1598.28429988 1545.28425128 1738.53081666 2115.01962883 2423.63247075 2683.62448348 3086.37076299 3445.50122519 3966.63310247 4325.73475765 4790.68698399 5226.90472787 5524.82411959 5802.58103906 6242.72147629 6639.63991787 7065.83336029 7835.70421735 8653.09886115 8878.41417491 8980.51440358 8991.47293518 8818.05547863 
4201.10031857 3934.5679242 3779.90690367 3671.65291779 3400.34052394 2900.00470735 2491.98663981 2113.98870568 1764.89035642 1590.85658253 1623.5868345 1873.61672461 2135.69164347 2356.69757505 2752.77300922 3097.75507417 3600.68003687 3947.83924797 4414.00873686 4862.64941585 5162.86068257 5457.94813055 5885.42657505 6227.28392945 6555.06373995 7073.98277933 7951.67974613 8444.58113272 8726.01608009 8851.54038688 8748.86981349 
4675.12058424 4391.76925091 4217.8010808 4078.98391717 3784.93640196 3258.82231677 2799.35421264 2364.81958529 1921.46495524 1647.84511942 1550.14643097 1666.59612994 1849.66950702 2043.02404431 2431.8490995 2793.86553743 3324.68465498 3662.1628466 4133.91658083 4601.08168102 4912.51282193 5230.19251633 5658.39710786 5996.31362223 6299.73054126 6620.63745547 7002.84825239 7386.25929425 7930.72048118 8245.58546201 8373.82482035 
5118.23326535 4832.85118978 4645.57715879 4491.8270104 4186.43650232 3648.14392863 3157.87225122 2701.65440722 2209.66577632 1881.19992332 1665.18427777 1605.96992701 1699.84333247 1846.03585897 2226.12960629 2571.23421674 3107.13570057 3443.38696285 3917.95129931 4401.47243763 4729.65120418 5061.31933835 5506.0529167 5885.16184217 6212.50731123 6606.80745336 7023.00204232 7246.91028101 7364.06589353 7539.95374765 7419.09510387 
5464.43666082 5180.39396823 4980.41149677 4815.89837981 4505.29164376 3961.64188808 3455.95982328 2994.42045698 2471.21871673 2125.87975796 1822.64614931 1587.42031439 1555.94093965 1654.63605986 1982.46726417 2309.79324338 2854.89517025 3189.36378248 3658.54680941 4138.7671933 4464.9239889 4796.30725107 5250.60325711 5649.60325207 5993.75951114 6431.00445055 6920.25861692 7189.5640204 7357.41523056 7490.75885319 7413.93565221 
5779.69892511 5505.71692449 5315.63723391 5154.82604049 4847.50098553 4308.05696417 3800.41956635 3338.52140059 2812.57712742 2459.53327337 2112.89907856 1753.21794442 1644.94233873 1610.25481035 1829.01098332 2050.71838357 2549.59509781 2872.46304307 3324.47472799 3792.86882885 4111.64840029 4433.09483685 4878.88252181 5272.92505756 5614.46907731 6043.04567559 6510.77487598 6761.23812959 6924.53280668 7019.18179046 6949.36797244 
6115.25043025 5848.26775824 5661.79158717 5502.18036989 5195.92706018 4658.82223945 4149.83283046 3694.45605467 3172.70870525 2825.59644238 2446.51886348 1964.88427957 1760.50595936 1681.68806557 1758.82248303 1833.9572624 2276.57610679 2580.5721753 3000.13901884 3447.57678264 3748.46862176 4053.91677961 4495.36278722 4894.33679544 5246.05597168 5671.8973498 6137.12543666 6385.76958317 6547.32920882 6622.56875209 6561.51286993 
6176.81386867 5926.69917487 5758.89440901 5614.8630245 5319.12497739 4794.27577332 4300.91635147 3846.01929002 3329.70165961 2981.50135653 2611.49422851 2149.96853168 1956.57185286 1862.86490842 1923.12989806 1860.1705273 2152.78647934 2448.22287774 2850.65440947 3286.57674799 3589.29720011 3898.55029534 4330.02721684 4709.8427215 5059.87369859 5450.48480279 5864.13626172 6098.6187145 6249.54498081 6310.82994782 6244.83684091 
6651.53558838 6405.30129461 6245.28090266 6104.40922998 5808.73047295 5285.00601736 4786.03768832 4331.23936227 3817.97200471 3470.40627584 3096.8919854 2602.87802542 2327.33174628 2163.33544309 2101.71264495 1907.73246911 1950.93894282 2176.44391061 2449.31579335 2858.10567127 3158.70022889 3460.06230029 3879.79552921 4265.59431935 4610.85181984 5013.29414116 5442.88958711 5692.31007121 5841.88967086 5893.41852638 5841.71655552 
6891.92824611 6666.25887885 6510.05176107 6384.5288396 6111.63140837 5602.75062091 5130.19785731 4683.56562022 4182.64061474 3841.54417967 3447.23369349 2920.0358768 2603.70546676 2407.128781 2306.96485123 2078.89959341 2008.30127074 2173.9712122 2274.82667208 2580.89598763 2857.86028612 3128.18070889 3506.82535782 3874.04049587 4220.49199956 4604.35692558 5010.88137929 5249.46297944 5389.33486309 5426.4268786 5364.51561277 
7077.9925576 6894.58557025 6724.76589567 6616.95882131 6385.60886593 5911.72263554 5494.94954683 5074.89485407 4594.85644251 4269.66996873 3881.04484186 3348.24581727 3009.81741262 2763.51438843 2551.55975625 2281.84892512 2107.51760036 2225.04553033 2211.44178711 2415.38343156 2664.90392876 2903.46962876 3240.74239524 3574.37899625 3905.6056012 4273.52786268 4645.25287973 4863.13701901 4998.37959224 5023.9938286 4948.07507049 
7270.2067212 7112.23990373 6925.48656979 6818.43358759 6615.99147389 6167.19271854 5780.3832109 5363.65012085 4886.88552745 4559.25832607 4172.24910076 3638.1088026 3289.53048917 3017.44958194 2778.23706179 2488.6819588 2269.91240717 2355.26311815 2299.91438968 2434.52382948 2650.74816799 2869.29228972 3157.46791917 3464.43426928 3779.22501764 4139.02207483 4487.72146508 4697.13498037 4821.95307323 4853.39308727 4767.24471283 
7475.77712346 7350.47200799 7146.86110351 7041.58918719 6881.72932192 6480.41647822 6137.66895546 5721.43369725 5248.8159405 4913.02402109 4513.64491387 3959.94328607 3585.8352512 3269.66978186 2984.82711348 2649.9495853 2308.31875899 2347.0243976 2232.42608531 2267.27675049 2439.0514656 2643.95007032 2872.66245336 3160.60126163 3487.18273563 3832.7591486 4177.89269089 4396.24851464 4507.81810597 4544.81329853 4458.29070679 
7783.60091716 7697.81806049 7507.05678649 7413.69288615 7266.14205212 6928.72697096 6704.39073601 6321.06594584 5896.11270552 5584.31511712 5201.60728495 4664.88209523 4298.00189527 3972.26398859 3627.47950072 3183.30998564 2582.99947799 2531.05093874 2272.49060741 2012.03270421 2038.83980664 2126.85939084 2224.71805601 2469.74610328 2803.84627837 3124.54101061 3475.74354168 3698.14931705 3801.25782964 3824.76169305 3734.72595511 
7900.29744446 7842.38131202 7693.29204985 7636.32172993 7532.52670391 7189.79136118 6914.5433383 6546.35298186 6205.28671325 5929.48069364 5582.42941449 5105.52739311 4763.79735521 4442.54596936 4098.30828811 3640.0985027 2996.89309854 2829.65740853 2491.32251031 2128.68551622 2050.63118098 1990.58861426 1931.20232827 2112.35588683 2434.79890728 2724.48676201 3061.17287892 3272.3328265 3362.29506512 3366.7677999 3256.71973119 
8191.38629843 8160.38096802 8015.05664961 7960.62012408 7911.95636007 7638.92573848 7318.89030595 6872.83476337 6504.06275001 6217.81929489 5878.01631249 5408.38544369 5068.96034481 4737.44866888 4391.06177171 3904.43805351 3225.73390877 3028.61135018 2657.88777746 2285.01676153 2197.8090828 2060.77173173 1845.41674127 1971.71175586 2239.58789142 2526.44254121 2844.79755898 3046.28015763 3129.66757206 3133.39988751 3019.35237557 
8426.1677086 8410.33249999 8260.78755128 8209.09228215 8209.56942526 8048.78726397 7822.68376746 7267.34757319 6801.85077339 6488.6301255 6112.20786012 5643.12617154 5318.42062149 4977.3711318 4639.86831003 4138.69403724 3432.80537792 3227.27753594 2837.8581991 2445.39363003 2354.42015987 2195.52344985 1843.51186261 1816.69711909 2035.22877499 2312.05225298 2621.89996856 2831.73424285 2910.01982514 2923.97928913 2810.7953816 
8486.03400876 8453.58103647 8292.18459645 8237.05651153 8222.43732966 8010.8328715 7727.47587278 7158.71748571 6663.72607396 6316.57194686 5912.45230631 5367.12269046 4986.19290853 4604.68200429 4274.29856007 3770.56939946 3066.36023625 2840.38610667 2442.63908295 2046.18268034 1964.3321731 1818.51517261 1575.54245873 1637.90785361 1806.73654279 2131.24966515 2512.74851939 2726.51603256 2848.32471538 2889.40080725 2771.19470426 
8612.9456303 8594.85841058 8407.49922405 8337.48488812 8357.46629429 8269.29388161 8234.93816938 7883.48075227 7107.35633053 6612.4515114 6231.64901265 5741.33949892 5395.56282045 5015.98905421 4727.75843229 4227.92413197 3506.78043598 3288.34382776 2870.80146337 2421.40929818 2324.50421904 2154.36061016 1807.17884206 1706.11294532 1763.7190517 1965.39463326 2299.73534268 2508.23168417 2629.56537887 2663.92799212 2538.37151422 
8824.59283873 8802.57920872 8570.80819074 8470.02557429 8495.80916947 8463.78529842 8547.06481737 8435.5508893 8175.47439523 7412.09557247 6525.80001836 6111.05065953 5787.20216692 5401.28597643 5117.20128979 4609.54569751 3854.63863839 3615.97150805 3164.02330896 2657.16180977 2536.71373723 2323.14024467 1885.67760582 1664.00655015 1636.60898557 1655.58696889 1902.19215239 2085.12357331 2203.53437157 2228.01727661 2098.79588177 
8906.84653999 8877.93802403 8620.31435785 8501.486584 8523.00839551 8503.73785963 8607.0909175 8558.75719434 8474.26710195 8300.55347685 6731.69673339 6345.57718356 6052.86070283 5654.03636725 5380.78751344 4865.44677278 4087.70182114 3846.36268576 3384.12084691 2861.13193831 2734.71456694 2512.95711636 2049.25839938 1777.68603234 1706.26356457 1592.76894685 1720.17839066 1871.30704491 1983.11702811 1999.05960616 1866.45916449 
9023.13889019 8984.53435358 8701.56196041 8564.13680774 8577.61010394 8557.51030047 8658.77167541 8633.14474933 8396.21402657 8173.42537073 8144.14435096 6636.65374723 6390.27722771 5945.87497747 5681.44640256 5142.77742062 4323.88871815 4079.87665391 3603.13464219 3073.76091875 2940.39132566 2717.75417845 2263.51714645 1969.82961254 1864.05670003 1651.05664403 1541.74221267 1607.52405321 1691.74309329 1694.79016401 1596.13496658 
9226.05369437 9179.62865432 8877.59386694 8723.25519719 8729.86474695 8708.08513105 8800.29358001 8775.06519801 8320.51045519 8010.05095345 7705.4561323 7056.60346282 6738.34021559 6234.47475423 5946.70494572 5385.17384811 4533.43661615 4270.47151328 3770.73549419 3248.06570465 3096.45346151 2867.83290206 2438.5950583 2139.34905327 1989.22883295 1699.80609076 1457.90901497 1395.43943884 1425.94604834 1427.99405238 1473.3280173 
9325.42050662 9265.21330141 8933.07186821 8756.79236217 8748.89062769 8721.29165687 8796.02544683 8772.69937685 8299.0467307 7930.08088628 7306.80700225 7814.28609917 7234.18551212 6615.82531761 6302.31560932 5702.04519899 4817.9484012 4548.2147155 4040.6314866 3531.87323559 3379.36135751 3150.9525632 2738.0422591 2443.06745834 2252.65578862 1931.15857872 1617.74969719 1460.78421476 1429.21125327 1458.61818075 1547.51300452 
9340.25574188 9275.24145787 8931.01929611 8744.28665197 8728.11772045 8702.66236989 8763.81271415 8738.34445783 8282.4955595 7894.84262949 7251.64959341 8112.44533355 7455.4992699 6802.4267392 6459.14950677 5839.5463925 4943.44222227 4670.06549355 4167.87202979 3676.30656379 3523.75137843 3291.027232 2890.69989717 2604.41954899 2381.57206089 2041.95113432 1694.22182109 1479.1944135 1395.20873722 1369.13259333 1459.84033648 
9049.52394741 8985.00470629 8645.07408007 8459.65556421 8440.93141521 8418.12644286 8470.2914067 8436.67931095 8120.48029303 7720.81249728 7094.10641482 8041.22691788 7390.32475742 6734.1312776 6386.57456387 5761.21496367 4869.28345607 4620.73530143 4148.76991308 3685.3501609 3560.50903512 3334.85435052 2938.86573954 2629.23488936 2409.27983179 2079.74280642 1741.91163271 1562.2468753 1483.9236718 1349.52940912 1355.85994541 
